18090.961100  35029.647222  -16938.686122
18073.328688  34344.498078  -16271.169390
18049.824241  32987.383403  -14937.559162
18040.222803  30748.692241  -12708.469438
18074.221590  27673.644937  -9599.423347
18139.746372  24352.769221  -6213.022849
18168.452007  21677.750791  -3509.298784
18146.324476  20101.123993  -1954.799517
18115.071794  19429.750473  -1314.678679
18097.466037  19270.220398  -1172.754361
18087.133092  19350.344256  -1263.211164
18075.946728  19493.105248  -1417.158521
18072.643716  19553.586041  -1480.942325
18080.149556  19509.855182  -1429.705626
18081.550859  19463.974039  -1382.423180
18078.451917  19468.329035  -1389.877118
18075.518497  19491.994335  -1416.475837
18078.365890  19504.840245  -1426.474355
18079.703702  19534.908916  -1455.205214
18076.444893  19591.251665  -1514.806772
18075.004653  19632.548466  -1557.543813
18078.424069  19643.591240  -1565.167171
18084.353278  19685.520306  -1601.167029
18079.540426  19818.312831  -1738.772405
18072.354131  19987.211077  -1914.856946
18068.985964  20093.128641  -2024.142677
18071.442981  20089.685686  -2018.242705
18081.879855  20035.905031  -1954.025176
18086.146514  20071.384091  -1985.237578
18073.586307  20244.367686  -2170.781379
18062.115920  20396.248583  -2334.132663
18068.958194  20383.292337  -2314.334143
18072.826424  20261.305174  -2188.478750
18068.973886  20085.205606  -2016.231720
18074.721509  19850.558717  -1775.837209
18085.617126  19651.611701  -1565.994576
18080.050353  19617.063236  -1537.012883
18068.132328  19684.948129  -1616.815802
18074.726648  19722.682645  -1647.955998
18081.407552  19783.451359  -1702.043808
18075.746706  19940.438388  -1864.691682
18069.176118  20121.231582  -2052.055464
18067.291030  20223.052240  -2155.761210
18068.155530  20204.643512  -2136.487982
18074.434716  20093.110061  -2018.675345
18077.063178  19981.742592  -1904.679414
18073.369126  19926.655099  -1853.285973
18072.880705  19908.082939  -1835.202233
18070.644823  19901.127807  -1830.482984
18070.550997  19885.340673  -1814.789676
18072.397484  19857.769836  -1785.372351
18072.909080  19843.800887  -1770.891807
18071.497921  19850.024425  -1778.526504
18072.750610  19861.460998  -1788.710388
18073.823185  19890.794468  -1816.971283
18075.657037  19959.727200  -1884.070163
18068.289946  20062.991399  -1994.701453
18066.866780  20118.216327  -2051.349547
18066.467068  20082.588492  -2016.121424
18071.126965  19968.218552  -1897.091587
18070.456099  19844.625583  -1774.169484
18073.712344  19749.882173  -1676.169828
18075.491188  19724.619575  -1649.128387
18068.404195  19773.345909  -1704.941714
18070.270349  19812.470470  -1742.200121
18075.372127  19843.598765  -1768.226638
18072.726881  19906.006129  -1833.279248
18070.109879  19964.624706  -1894.514827
18070.126904  19975.642049  -1905.515145
18068.503923  19924.920898  -1856.416975
18073.415145  19818.259399  -1744.844254
18075.845240  19721.321567  -1645.476327
18074.370454  19670.600594  -1596.230140
18079.153381  19670.393227  -1591.239846
18077.960539  19761.480394  -1683.519856
18074.402970  19932.977202  -1858.574232
18068.202236  20111.342287  -2043.140050
18064.041291  20199.059711  -2135.018420
18065.746477  20128.516740  -2062.770262
18073.762967  19926.871518  -1853.108551
18081.519977  19712.472456  -1630.952479
18084.906631  19611.847304  -1526.940673
18076.152894  19658.805119  -1582.652225
18077.058930  19770.328213  -1693.269283
18072.458619  19910.391072  -1837.932453
18068.759807  20018.532388  -1949.772580
18074.131223  20050.173724  -1976.042502
18075.242962  20062.728704  -1987.485742
18070.377460  20077.930901  -2007.553441
18068.473559  20048.476706  -1980.003147
18072.373284  19957.783586  -1885.410302
18077.146307  19867.724993  -1790.578686
18074.460769  19848.801567  -1774.340798
18068.096525  19876.924329  -1808.827804
18063.510455  19865.747931  -1802.237476
18069.852593  19775.347714  -1705.495121
18071.478524  19672.156223  -1600.677700
18071.246667  19608.332416  -1537.085749
18074.906389  19597.830551  -1522.924162
18073.007164  19660.514426  -1587.507262
18066.499647  19747.469876  -1680.970228
18072.140280  19785.064226  -1712.923947
18074.171738  19819.090105  -1744.918367
18066.180608  19864.033100  -1797.852492
18074.704809  19870.227755  -1795.522947
18075.473067  19906.848685  -1831.375618
18070.786026  19995.290521  -1924.504495
18067.448663  20072.162464  -2004.713801
18071.095494  20090.438664  -2019.343170
18074.089920  20080.429553  -2006.339633
18072.257884  20085.153938  -2012.896053
18064.482462  20071.745216  -2007.262754
18064.058315  19958.316043  -1894.257728
18073.598978  19751.563608  -1677.964630
18080.456762  19595.600519  -1515.143757
18075.291895  19585.492514  -1510.200619
18073.490950  19668.198064  -1594.707114
18068.782157  19773.090515  -1704.308358
18069.052244  19828.362486  -1759.310242
18074.833465  19827.093815  -1752.260350
18078.829095  19842.923598  -1764.094503
18075.327565  19930.621112  -1855.293547
18065.054398  20034.202301  -1969.147903
18065.718300  20035.971463  -1970.253163
18070.552415  19923.854241  -1853.301826
18075.180916  19771.581407  -1696.400491
18077.921309  19654.151947  -1576.230637
18082.292756  19639.098306  -1556.805550
18077.217449  19770.579265  -1693.361816
18076.411730  20002.392973  -1925.981243
18066.744097  20270.827418  -2204.083321
18061.516581  20442.977782  -2381.461200
18065.096153  20419.622224  -2354.526071
18079.164530  20269.813837  -2190.649307
18077.665027  20166.250233  -2088.585207
18069.176192  20114.609255  -2045.433063
18073.199845  20023.950190  -1950.750345
18077.779804  19927.137566  -1849.357762
18077.585934  19896.770203  -1819.184269
18070.492791  19940.766746  -1870.273956
18067.934600  19982.655122  -1914.720522
18072.284405  19992.345644  -1920.061239
18073.177439  20017.931859  -1944.754420
18074.199338  20073.373610  -1999.174272
18074.852011  20160.930915  -2086.078903
18067.664504  20258.749056  -2191.084553
18067.086574  20276.950971  -2209.864397
18076.431842  20205.159748  -2128.727906
18080.141326  20154.961750  -2074.820425
18074.670583  20185.861946  -2111.191363
18063.538449  20223.874244  -2160.335795
18062.543610  20136.060071  -2073.516461
18076.062412  19933.301508  -1857.239095
18080.424124  19787.233459  -1706.809335
18079.761017  19801.232169  -1721.471152
18066.828370  19938.029837  -1871.201467
18064.066301  20038.516926  -1974.450625
18072.554973  20045.404710  -1972.849737
18073.047074  20029.200717  -1956.153642
18075.090356  20022.198793  -1947.108437
18076.430197  20037.628717  -1961.198520
18075.877447  20081.472440  -2005.594993
18071.829755  20127.984634  -2056.154878
18070.243798  20126.362218  -2056.118420
18072.389106  20060.211389  -1987.822283
18083.523399  20002.568602  -1919.045204
18076.184068  20068.406167  -1992.222099
18069.464044  20190.819638  -2121.355594
18066.628082  20257.835080  -2191.206998
18062.054798  20207.360343  -2145.305545
18069.465144  20013.450017  -1943.984873
18080.663213  19798.915561  -1718.252347
18073.070946  19706.654641  -1633.583694
18072.470731  19692.889448  -1620.418717
18070.028223  19701.247800  -1631.219578
18069.186332  19689.199580  -1620.013248
18074.145006  19643.830864  -1569.685858
18077.988923  19627.083775  -1549.094852
18079.040066  19700.848894  -1621.808828
18069.957216  19854.751976  -1784.794760
18067.076921  19982.621344  -1915.544422
18068.111380  20023.175522  -1955.064142
18073.064447  19995.119767  -1922.055320
18075.338360  19959.850387  -1884.512027
18073.852043  19961.495587  -1887.643544
18067.826896  19970.873774  -1903.046877
18066.454856  19909.558656  -1843.103800
18072.200760  19766.065899  -1693.865138
18081.867915  19638.033395  -1556.165480
18078.932012  19642.564011  -1563.631998
18070.610403  19746.912990  -1676.302588
18074.542315  19857.688294  -1783.145979
18076.515078  19984.480007  -1907.964928
18074.541818  20138.294559  -2063.752741
18070.208095  20268.162042  -2197.953948
18069.641188  20309.022163  -2239.380976
18073.892315  20253.871874  -2179.979559
18083.142405  20188.387409  -2105.245004
18075.245591  20209.885023  -2134.639432
18072.439513  20258.342971  -2185.903458
18077.519196  20284.775562  -2207.256366
18075.674425  20323.463476  -2247.789051
18076.941600  20379.304642  -2302.363042
18067.498339  20435.883732  -2368.385393
18067.621699  20405.283695  -2337.661996
18076.337145  20301.330301  -2224.993156
18078.720077  20238.553581  -2159.833504
18074.053694  20252.750059  -2178.696366
18068.233786  20282.620148  -2214.386362
18068.222806  20244.221986  -2175.999181
18073.998984  20133.112604  -2059.113620
18080.131039  20031.511945  -1951.380906
18075.834085  20011.005001  -1935.170916
18073.204139  20034.067268  -1960.863129
18076.503353  20069.548450  -1993.045097
18071.679096  20135.256704  -2063.577608
18066.239813  20182.299611  -2116.059798
18067.528115  20148.731404  -2081.203289
18072.310633  20052.657811  -1980.347179
18075.989946  19964.171966  -1888.182020
18078.496248  19947.796834  -1869.300586
18073.347206  20027.141474  -1953.794268
18069.026209  20139.229134  -2070.202924
18072.213338  20223.339646  -2151.126308
18073.259997  20302.589587  -2229.329590
18067.062105  20363.049705  -2295.987600
18073.291179  20342.176842  -2268.885664
18078.709749  20292.545388  -2213.835640
18076.325250  20274.864126  -2198.538876
18077.946334  20281.580341  -2203.634006
18072.510604  20304.202454  -2231.691850
18070.677018  20286.571246  -2215.894228
18077.226461  20216.304473  -2139.078012
18077.332300  20171.354303  -2094.022004
18066.980119  20153.202866  -2086.222748
18065.439642  20057.950746  -1992.511104
18074.883803  19886.318817  -1811.435014
18079.280286  19774.958218  -1695.677932
18067.687176  19766.177782  -1698.490607
18065.516611  19737.457615  -1671.941004
18075.839073  19657.283470  -1581.444397
18081.172710  19660.515867  -1579.343157
18074.161307  19816.080974  -1741.919667
18065.353841  20022.253385  -1956.899544
18062.392196  20140.255656  -2077.863461
18074.308901  20138.388537  -2064.079636
18076.268926  20131.946658  -2055.677732
18075.675126  20168.332692  -2092.657566
18073.969229  20216.399964  -2142.430735
18074.686618  20250.104088  -2175.417469
18070.039018  20251.711630  -2181.672612
18063.704031  20159.527460  -2095.823429
18070.597901  19924.579001  -1853.981100
18086.966765  19672.249904  -1585.283139
18081.407534  19605.985387  -1524.577854
18071.012733  19690.928330  -1619.915597
18076.531060  19808.449684  -1731.918624
18072.346423  19958.578143  -1886.231720
18065.170109  20075.517632  -2010.347523
18069.338524  20068.917018  -1999.578495
18079.196412  20004.473224  -1925.276812
18071.425913  19983.744551  -1912.318638
18068.093271  19945.893461  -1877.800190
18073.844236  19854.161809  -1780.317573
18076.899477  19776.962579  -1700.063101
18080.618802  19787.953429  -1707.334627
18075.573934  19939.514982  -1863.941048
18069.619283  20152.794522  -2083.175239
18068.258150  20313.407504  -2245.149354
18065.317780  20359.249864  -2293.932084
18069.473010  20251.971337  -2182.498327
18075.486142  20060.071278  -1984.585136
18078.559446  19889.345752  -1810.786306
18078.110875  19804.273811  -1726.162936
18077.917651  19821.502974  -1743.585322
18070.351833  19907.601930  -1837.250097
18073.230449  19987.334773  -1914.104324
18070.301148  20037.508876  -1967.207728
18075.602351  20037.274079  -1961.671728
18081.243515  20048.545123  -1967.301608
18077.394900  20140.402785  -2063.007885
18070.717553  20274.822684  -2204.105131
18064.166482  20347.013422  -2282.846940
18066.025996  20267.546362  -2201.520365
18076.251496  20069.939079  -1993.687583
18082.192790  19895.276572  -1813.083781
18077.471505  19830.586908  -1753.115403
18074.106235  19840.416119  -1766.309884
18067.930436  19849.144518  -1781.214081
18071.520295  19789.354878  -1717.834583
18079.398428  19698.895807  -1619.497379
18079.456826  19691.203228  -1611.746402
18081.140125  19807.925425  -1726.785299
18074.542360  20036.115589  -1961.573229
18064.387972  20268.787263  -2204.399291
18064.303329  20356.226659  -2291.923330
18073.106114  20289.665073  -2216.558959
18079.117322  20188.127383  -2109.010061
18077.859450  20144.614041  -2066.754591
18075.627044  20159.788538  -2084.161493
18066.516669  20176.181548  -2109.664878
18067.318905  20101.426042  -2034.107137
18073.146258  19949.424895  -1876.278638
18078.109520  19831.211463  -1753.101943
18076.830479  19836.782964  -1759.952485
18070.259886  19951.405422  -1881.145536
18069.849973  20082.402064  -2012.552091
18069.224563  20174.348744  -2105.124180
18071.826512  20202.425592  -2130.599080
18072.655906  20172.820882  -2100.164976
18075.300882  20106.833883  -2031.533002
18077.513259  20045.073885  -1967.560626
18075.244070  20015.515613  -1940.271543
18072.180913  19992.297335  -1920.116423
18070.204843  19934.802662  -1864.597819
18071.391968  19828.823801  -1757.431833
18073.876591  19706.862122  -1632.985531
18077.311543  19622.401406  -1545.089863
18075.224290  19625.142160  -1549.917870
18069.114046  19687.088376  -1617.974330
18070.340194  19741.834274  -1671.494080
18079.169893  19822.917763  -1743.747870
18072.597815  20010.441984  -1937.844170
18066.629343  20238.848195  -2172.218852
18063.063735  20381.159437  -2318.095703
18069.194873  20381.169226  -2311.974353
18079.434309  20335.628148  -2256.193839
18070.217709  20338.714812  -2268.497103
18071.464208  20314.079542  -2242.615334
18078.858393  20258.392235  -2179.533841
18074.871139  20245.344693  -2170.473554
18066.988861  20240.362188  -2173.373328
18065.978562  20153.191971  -2087.213410
18075.509571  19995.252736  -1919.743165
18077.956334  19891.068578  -1813.112244
18067.124581  19873.592802  -1806.468221
18067.465587  19835.718635  -1768.253048
18070.159869  19753.517987  -1683.358118
18073.135200  19671.534869  -1598.399669
18075.994565  19642.867015  -1566.872450
18070.406398  19698.324344  -1627.917947
18067.368340  19778.394599  -1711.026259
18067.414992  19822.732692  -1755.317701
18075.804874  19834.207369  -1758.402495
18080.688319  19901.961461  -1821.273142
18067.550745  20057.952717  -1990.401972
18059.258165  20148.430033  -2089.171869
18075.616629  20108.574972  -2032.958344
18065.973098  20089.506011  -2023.532914
18062.653933  20057.318436  -1994.664503
18067.681453  19933.651497  -1865.970044
18078.316380  19788.696368  -1710.379988
18076.482453  19754.083488  -1677.601036
18073.344296  19818.489238  -1745.144941
18078.453328  19926.052551  -1847.599223
18075.469828  20092.491342  -2017.021514
18068.845883  20263.568005  -2194.722122
18066.291359  20342.493521  -2276.202162
18070.250289  20303.394508  -2233.144218
18067.429653  20193.354894  -2125.925241
18064.714558  19996.139643  -1931.425086
18075.824952  19717.815135  -1641.990183
18086.906027  19525.188532  -1438.282505
18085.925937  19582.596650  -1496.670713
18068.999212  19873.333682  -1804.334470
18060.090748  20165.184810  -2105.094061
18064.424005  20286.287650  -2221.863646
18070.825997  20266.294850  -2195.468853
18073.906378  20201.348054  -2127.441676
18073.204151  20153.718634  -2080.514483
18069.975223  20128.516491  -2058.541268
18070.304035  20097.489551  -2027.185515
18074.593389  20064.903617  -1990.310228
18072.631089  20072.602065  -1999.970976
18066.738737  20092.514203  -2025.775466
18074.032897  20075.055537  -2001.022640
18080.460877  20100.213511  -2019.752634
18069.531323  20223.426700  -2153.895377
18066.398538  20326.403068  -2260.004530
18066.787308  20330.514419  -2263.727111
18065.237256  20228.783373  -2163.546118
18073.437735  20043.633099  -1970.195364
18076.404377  19887.052376  -1810.648000
18070.904301  19812.208679  -1741.304378
18071.263051  19768.569762  -1697.306711
18077.881984  19756.470929  -1678.588945
18075.420271  19834.905781  -1759.485510
18074.552818  19988.817020  -1914.264202
18067.292803  20164.282120  -2096.989318
18061.739392  20256.254768  -2194.515375
18068.325102  20197.778500  -2129.453398
18077.957296  20081.847085  -2003.889789
18079.506831  20057.271608  -1977.764776
18074.931196  20161.662496  -2086.731301
18066.616796  20313.177364  -2246.560568
18066.087927  20396.166937  -2330.079010
18066.397164  20392.614140  -2326.216976
18063.311239  20293.702743  -2230.391505
18070.786077  20078.905476  -2008.119399
18075.299922  19850.955804  -1775.655882
18071.386784  19686.898769  -1615.511985
18075.216533  19588.387296  -1513.170764
18073.305274  19582.074533  -1508.769259
18071.953191  19648.457284  -1576.504093
18075.119690  19755.682966  -1680.563276
18068.545026  19888.476390  -1819.931363
18063.917273  19955.293581  -1891.376309
18070.466728  19902.686735  -1832.220006
18075.940327  19812.604111  -1736.663784
18077.426196  19781.208434  -1703.782238
18073.097536  19838.388728  -1765.291192
18064.846995  19915.095846  -1850.248850
18064.970682  19909.205162  -1844.234480
18066.868615  19807.764786  -1740.896170
18077.209518  19679.758306  -1602.548788
18079.329502  19663.651492  -1584.321990
18072.012659  19794.215112  -1722.202453
18066.839842  19962.871015  -1896.031173
18071.519047  20082.873778  -2011.354731
18076.294966  20190.702429  -2114.407464
18069.697619  20324.031936  -2254.334317
18065.048582  20408.533099  -2343.484517
18066.780293  20374.203192  -2307.422899
18078.098704  20270.130362  -2192.031657
18070.577190  20203.145609  -2132.568419
18068.628121  20131.324350  -2062.696228
18070.294200  20015.220177  -1944.925977
18074.758432  19889.617703  -1814.859271
18075.015318  19812.204997  -1737.189679
18074.081938  19795.368383  -1721.286445
18076.085648  19834.939719  -1758.854071
18069.750491  19927.833502  -1858.083011
18067.258494  19997.754821  -1930.496327
18070.915382  19998.887423  -1927.972042
18072.236715  19961.464304  -1889.227589
18076.530620  19917.572341  -1841.041721
18076.701334  19908.959654  -1832.258320
18070.991752  19925.039561  -1854.047808
18071.068336  19904.026070  -1832.957734
18072.608983  19833.598098  -1760.989116
18079.587638  19758.911826  -1679.324188
18078.500880  19762.123986  -1683.623106
18074.594587  19840.899505  -1766.304918
18071.037421  19926.415188  -1855.377767
18072.500039  19968.841439  -1896.341400
18071.369537  19992.567863  -1921.198326
18067.393714  19993.588304  -1926.194590
18072.368664  19928.203915  -1855.835252
18079.269382  19860.620106  -1781.350725
18074.422510  19871.244698  -1796.822188
18070.320856  19924.292938  -1853.972083
18071.051430  19973.164200  -1902.112771
18069.230689  20019.296082  -1950.065393
18065.143427  20037.191226  -1972.047799
18063.713720  19967.599340  -1903.885620
18070.671234  19810.196059  -1739.524825
18073.619700  19655.247377  -1581.627678
18071.448688  19561.439623  -1489.990935
18069.571731  19514.661293  -1445.089562
18074.999619  19509.452842  -1434.453223
18074.556649  19596.819002  -1522.262353
18071.372754  19770.869604  -1699.496850
18069.120463  19965.049981  -1895.929518
18067.112788  20123.003695  -2055.890908
18065.872764  20209.753702  -2143.880938
18069.586802  20217.384362  -2147.797560
18073.889241  20185.885127  -2111.995886
18076.853070  20171.850536  -2094.997466
18076.318323  20204.561017  -2128.242694
18076.293890  20288.530483  -2212.236593
18067.313830  20387.950325  -2320.636494
18072.530047  20421.225680  -2348.695632
18073.172309  20415.618092  -2342.445783
18072.195494  20395.081960  -2322.886466
18074.362811  20362.236670  -2287.873859
18070.682037  20330.394892  -2259.712855
18071.098721  20269.054118  -2197.955397
18076.320026  20185.098668  -2108.778642
18074.467694  20131.980332  -2057.512638
18066.929332  20091.869994  -2024.940662
18071.398766  20007.435678  -1936.036912
18078.540941  19944.872544  -1866.331603
18075.218042  19990.633170  -1915.415128
18072.192135  20104.520104  -2032.327969
18073.479241  20226.241718  -2152.762478
18068.558567  20330.762768  -2262.204201
18065.466277  20350.598609  -2285.132331
18072.070376  20258.632241  -2186.561865
18071.564575  20124.165464  -2052.600889
18077.539914  19988.462814  -1910.922901
18081.742897  19924.342164  -1842.599267
18074.878939  19974.139327  -1899.260388
18073.105646  20069.881496  -1996.775850
18073.494833  20173.047968  -2099.553136
18064.291562  20252.142366  -2187.850804
18067.022714  20226.246846  -2159.224132
18072.772174  20125.514993  -2052.742819
18078.942832  20057.482995  -1978.540163
18072.141275  20087.916641  -2015.775367
18072.684227  2