32
length64.000008
-156524.984494  265370.784592  -421895.769086
-156525.145069  265737.465162  -422262.610232
-156525.435942  266342.941940  -422868.377882
-156525.882823  267184.044415  -423709.927238
-156526.520487  268255.827877  -424782.348363
-156527.385813  269551.194298  -426078.580111
-156528.527701  271060.372346  -427588.900047
-156530.006560  272770.252628  -429300.259188
-156531.927201  274663.539225  -431195.466427
-156534.391711  276717.701232  -433252.092942
-156537.499357  278903.682913  -435441.182270
-156541.424330  281184.350168  -437725.774498
-156546.309839  283512.645943  -440058.955781
-156552.384890  285829.442863  -442381.827754
-156559.888428  288061.117199  -444621.005627
-156569.002507  290116.915417  -446685.917924
-156579.953193  291886.281162  -448466.234355
-156592.977886  293236.465152  -449829.443038
-156608.098696  294010.943162  -450619.041858
-156625.229799  294029.502138  -450654.731937
-156643.944805  293091.249090  -449735.193896
-156663.327161  290982.162463  -447645.489625
-156681.943148  287489.146227  -444171.089375
-156697.751515  282422.316143  -439120.067658
-156708.014829  275645.895954  -432353.910783
-156710.055552  267115.607418  -423825.662970
-156701.608920  256916.315220  -413617.924140
-156681.876885  245289.672047  -401971.548933
-156651.982667  232640.537001  -389292.519667
-156615.185596  219515.255770  -376130.441366
-156575.320231  206553.813227  -363129.133458
-156537.118196  194426.131718  -350963.249914
-156504.729441  183764.346575  -340269.076017
-156481.665705  175098.856192  -331580.521896
-156471.019858  168803.052821  -325274.072679
-156474.059155  165053.144810  -321527.203966
-156490.548702  163812.006506  -320302.555208
-156517.467443  164843.318430  -321360.785872
-156549.765558  167754.831210  -324304.596769
-156582.903146  172061.760982  -328644.664129
-156612.940256  177257.993256  -333870.933512
-156636.174025  182883.597366  -339519.771390
-156650.193873  188580.152804  -345230.346677
-156653.727034  194129.451961  -350783.178995
-156646.247155  199472.515541  -356118.762697
-156629.599998  204707.840113  -361337.440111
-156607.277387  210065.073548  -366672.350935
-156584.080797  215847.228700  -372431.309497
-156569.058507  222342.797853  -378911.856360
-156565.707560  229727.005736  -386292.713296
-156574.578910  237989.882062  -394564.460971
-156593.558222  246923.210171  -403516.768393
-156616.220142  256170.255423  -412786.475565
-156637.013551  265311.585523  -421948.599075
-156652.672596  273947.128323  -430599.800918
-156662.018706  281750.530014  -438412.548720
-156666.624451  288492.226202  -445158.850652
-156665.023292  294033.910206  -450698.933498
-156665.418382  298300.951931  -454966.370313
-156668.286482  301247.324520  -457915.611003
-156674.846867  302826.033690  -459500.880556
-156683.160417  302972.685527  -459655.845944
-156693.057007  301608.346192  -458301.403200
-156698.551758  298668.927826  -455367.479585
-156694.684410  294168.737494  -450863.421904
-156675.741625  288293.044462  -444968.786088
-156639.417397  281479.275386  -438118.692783
-156595.551054  274408.245623  -431003.796677
-156561.057649  267849.668504  -424410.726153
-156547.222092  262422.206254  -418969.428347
-156549.510421  258432.520141  -414982.030562
-156559.273599  255895.314321  -412454.587919
-156572.846146  254668.637776  -411241.483922
-156581.825794  254570.406536  -411152.232330
-156585.027521  255406.455124  -411991.482645
-156609.503190  256935.412127  -413544.915317
-156631.654685  258845.094685  -415476.749370
-156648.363266  260788.198212  -417436.561478
-156655.961396  262461.310048  -419117.271443
-156653.092029  263680.003693  -420333.095722
-156643.299180  264415.587215  -421058.886395
-156625.362993  264783.272173  -421408.635166
-156606.607540  264991.120466  -421597.728006
-156588.538521  265269.102759  -421857.641280
-156581.176001  265799.374570  -422380.550571
-156585.147104  266665.177464  -423250.324568
-156595.207108  267828.814670  -424424.021778
-156609.957848  269143.117539  -425753.075387
-156627.502380  270394.936267  -427022.438647
-156639.095693  271368.404864  -428007.500557
-156644.303390  271906.878325  -428551.181715
-156644.067120  271947.180399  -428591.247520
-156642.877446  271505.816294  -428148.693740
-156646.018290  270620.022934  -427266.041224
-156655.468868  269277.458153  -425932.927021
-156670.309084  267384.674208  -424054.983292
-156682.683170  264806.385345  -421489.068515
-156684.556947  261463.758740  -418148.315687
-156671.534866  257440.784702  -414112.319568
-156646.311209  253035.748087  -409682.059296
-156616.379964  248721.065707  -405337.445670
-156591.426651  245026.925404  -401618.352056
-156578.979278  242397.352668  -398976.331945
-156585.935655  241060.857620  -397646.793275
-156610.159776  240955.333200  -397565.492976
-156639.173266  241766.337224  -398405.510490
-156655.335753  243113.207627  -399768.543380
-156644.604273  244806.350315  -401450.954589
-156621.746924  246968.128542  -403589.875466
-156617.482479  249835.517541  -406453.000019
-156641.853471  253382.327602  -410024.181073
-156672.530988  257188.008497  -413860.539485
-156685.530664  260710.407338  -417395.938002
-156675.907321  263633.220381  -420309.127701
-156652.303168  265969.124067  -422621.427235
-156630.314010  267936.422195  -424566.736206
-156618.164724  269780.293425  -426398.458149
-156618.785914  271647.212668  -428265.998582
-156628.027419  273537.875609  -430165.903028
-156637.943362  275328.825727  -431966.769088
-156647.575966  276840.591607  -433488.167573
-156650.859986  277922.402939  -434573.262924
-156645.392096  278520.465552  -435165.857648
-156631.920616  278705.453171  -435337.373788
-156616.667773  278650.089233  -435266.757006
-156604.526138  278564.698505  -435169.224643
-156600.217007  278614.575494  -435214.792501
-156604.936127  278854.958302  -435459.894429
-156616.486812  279213.628814  -435830.115625
-156628.872082  279522.228284  -436151.100366
-156642.909038  279570.915396  -436213.824434
-156654.810888  279158.518712  -435813.329600
-156662.647229  278130.540082  -434793.187311
-156661.351276  276421.554871  -433082.906147
-156644.753169  274125.489601  -430770.242769
-156607.226176  271590.065761  -428197.291937
-156558.943143  269451.378181  -426010.321324
-156529.509574  268452.902750  -424982.412324
-156545.599548  269024.546681  -425570.146229
-156599.613766  270940.621932  -427540.235699
-156656.911905  273427.500050  -430084.411955
-156693.362658  275612.560944  -432305.923602
-156705.981128  276888.711650  -433594.692777
-156701.241286  277006.856754  -433708.098040
-156687.212594  276004.892768  -432692.105362
-156667.198076  274110.437140  -430777.635216
-156644.533790  271664.826167  -428309.359957
-156623.014608  269061.277556  -425684.292164
-156606.215099  266683.201395  -423289.416494
-156596.315627  264844.634139  -421440.949767
-156591.899275  263756.164741  -420348.064016
-156589.775339  263535.665037  -420125.440377
-156589.851455  264239.295668  -420829.147122
-156595.692025  265859.769739  -422455.461765
-156611.496422  268281.292192  -424892.788614
-156635.368489  271243.472978  -427878.841467
-156661.655259  274365.797336  -431027.452594
-156682.239522  277235.740713  -433917.980235
-156689.378137  279528.770995  -436218.149132
-156680.194231  281115.606135  -437795.800367
-156657.676042  282107.296828  -438764.972870
-156632.416557  282800.261438  -439432.677995
-156615.979618  283529.583659  -440145.563278
-156614.680563  284505.754012  -441120.434574
-156625.113283  285732.566394  -442357.679677
-156640.667124  287040.596620  -443681.263744
-156655.435106  288184.359861  -444839.794967
-156667.389563  288928.652347  -445596.041910
-156676.772288  289087.483101  -445764.255389
-156685.039552  288522.450069  -445207.489622
-156691.864956  287132.019481  -443823.884437
-156693.820754  284863.070428  -441556.891181
-156687.670832  281748.659154  -438436.329986
-156673.780855  277945.145491  -434618.926346
-156655.397208  273735.928984  -430391.326193
-156637.464604  269485.421162  -426122.885766
-156624.443477  265559.176425  -422183.619902
-156613.948266  262263.178327  