8
30066.764843  31466.043508  -1399.278664
30103.783543  25896.631145  4207.152398
30368.660225  18212.443308  12156.216917
30592.039572  12383.049154  18208.990418
30434.739356  11217.289573  19217.449783
30213.048319  12980.760536  17232.287782
30142.628609  14472.192821  15670.435787
30212.766267  14422.902494  15789.863774
30301.099228  13661.436707  16639.662521
30307.726980  13397.777891  16909.949088
30278.053953  13865.134350  16412.919602
30260.503930  14653.074374  15607.429556
30257.197934  15409.844495  14847.353439
30262.562439  16014.375682  14248.186758
30263.402719  16486.328944  13777.073775
30262.120601  16836.026594  13426.094006
30262.313185  17052.549687  13209.763498
30265.804438  17154.924024  13110.880415
30268.723922  17202.725277  13065.998645
30268.399563  17253.953484  13014.446079
30261.722544  17319.495664  12942.226880
30261.618971  17343.585536  12918.033435
30263.819364  17314.526164  12949.293200
30261.751415  17259.777018  13001.974397
30260.484781  17176.905559  13083.579222
30259.727704  17058.802309  13200.925395
30270.702090  16942.398605  13328.303485
30271.411118  16958.828526  13312.582592
30253.716700  17102.238453  13151.478247
30248.375016  17162.064378  13086.310638
30263.969896  17069.862637  13194.107259
30271.254521  17019.916627  13251.337894
30258.168271  17103.728079  13154.440192
30258.089227  17206.583291  13051.505937
30259.189040  17293.354855  12965.834185
30258.596480  17379.216317  12879.380163
30254.129486  17433.652235  12820.477251
30257.080405  17396.853424  12860.226981
30264.091234  17307.260843  12956.830391
30261.266774  17243.458316  13017.808459
30266.980493  17219.228706  13047.751788
30266.250128  17288.817883  12977.432245
30253.878764  17429.413002  12824.465762
30247.986909  17482.600889  12765.386020
30255.573991  17382.674143  12872.899848
30257.753212  17228.375123  13029.378089
30256.793883  17099.540021  13157.253862
30256.072855  17004.494142  13251.578712
30267.766484  16969.370240  13298.396244
30266.891671  17103.010370  13163.881301
30257.401523  17391.989413  12865.412110
30250.303146  17699.217127  12551.086019
30238.580814  17873.198327  12365.382487
30243.516256  17781.770385  12461.745872
30261.688419  17502.748815  12758.939603
30273.646316  17292.998344  12980.647972
30268.012704  17332.938792  12935.073912
30254.505554  17544.403755  12710.101799
30246.206983  17711.559272  12534.647711
30248.215307  17682.648679  12565.566628
30257.591035  17468.114113  12789.476922
30259.730324  17187.334248  13072.396076
30265.056844  16921.936690  13343.120153
30271.416487  16761.868244  13509.548243
30268.661256  16782.689118  13485.972138
30260.283734  16938.258519  13322.025216
30254.748936  17093.915988  13160.832947
30254.657119  17153.597985  13101.059134
30260.581573  17115.240066  13145.341506
30264.495662  17063.874137  13200.621525
30259.687616  17052.515647  13207.171969
30264.096880  17052.666632  13211.430248
30268.505805  17108.225405  13160.280400
30257.891275  17245.855055  13012.036220
30249.018318  17338.381103  12910.637215
30254.567856  17283.258952  12971.308903
30264.642502  17163.091006  13101.551496
30266.635905  17122.490596  13144.145309
30260.090291  17192.564133  13067.526158
30252.304449  17277.251758  12975.052690
30248.819886  17254.947351  12993.872534
30255.243169  17094.482065  13160.761104
30267.416509  16917.384013  13350.032496
30270.444229  16905.317221  13365.127009
30259.252484  17084.789001  13174.463482
30256.276896  17310.373258  12945.903638
30251.947617  17473.700887  12778.246730
30257.174545  17522.672533  12734.502012
30266.866104  17529.713412  12737.152692
30259.174760  17599.465110  12659.709651
30254.144232  17659.087867  12595.056366
30258.698344  17622.758564  12635.939781
30264.772964  17536.167991  12728.604972
30260.590311  17463.808792  12796.781520
30258.395255  17384.479389  12873.915866
30257.694011  17280.553950  12977.140060
30259.548623  17173.664042  13085.884581
30258.208827  17106.726593  13151.482234
30255.741869  17076.633887  13179.107982
30262.195459  17080.928790  13181.26