-156524.980967  265370.785243  -421895.766211
-156525.144451  265737.465059  -422262.609510
-156525.433784  266342.941242  -422868.375026
-156525.879670  267184.043113  -423709.922783
-156526.518062  268255.826180  -424782.344242
-156527.378906  269551.191282  -426078.570188
-156528.526941  271060.368829  -427588.895770
-156530.011379  272770.247609  -429300.258988
-156531.930618  274663.534287  -431195.464905
-156534.399556  276717.696181  -433252.095737
-156537.509676  278903.677840  -435441.187516
-156541.431579  281184.344879  -437725.776458
-156546.315367  283512.640234  -440058.955601
-156552.398612  285829.435799  -442381.834411
-156559.901207  288061.107096  -444621.008303
-156569.010356  290116.900836  -446685.911192
-156579.969966  291886.259618  -448466.229584
-156592.994798  293236.433045  -449829.427842
-156608.114134  294010.896517  -450619.010651
-156625.246483  294029.437371  -450654.683855
-156643.959132  293091.161453  -449735.120584
-156663.343832  290982.047443  -447645.391274
-156681.960669  287489.001754  -444170.962424
-156697.775053  282422.143624  -439119.918678
-156708.044008  275645.704107  -432353.748116
-156710.074886  267115.413956  -423825.488842
-156701.636394  256916.148925  -413617.785319
-156681.952308  245289.576189  -401971.528497
-156652.038384  232640.557459  -389292.595843
-156615.238819  219515.430430  -376130.669249
-156575.405940  206554.168639  -363129.574580
-156537.139352  194426.673869  -350963.813220
-156504.728364  183765.058237  -340269.786601
-156481.624024  175099.701992  -331581.326016
-156470.921668  168803.989123  -325274.910791
-156473.966947  165054.122387  -321528.089334
-156490.423568  163812.973606  -320303.397175
-156517.337711  164844.228661  -321361.566372
-156549.605017  167755.646899  -324305.251917
-156582.744715  172062.454538  -328645.199254
-156612.798067  177258.549340  -333871.347408
-156636.027053  182884.016253  -339520.043306
-156650.013850  188580.446272  -345230.460122
-156653.536591  194129.641630  -350783.178222
-156646.051239  199472.631787  -356118.683026
-156629.407507  204707.918383  -361337.325889
-156607.091047  210065.149710  -366672.240757
-156583.830440  215847.332796  -372431.163236
-156568.782259  222342.950369  -378911.732628
-156565.365012  229727.219738  -386292.584749
-156574.220122  237990.168563  -394564.388685
-156593.179970  246923.572353  -403516.752323
-156615.840546  256170.688882  -412786.529428
-156636.627228  265312.080938  -421948.708166
-156652.292986  273947.670167  -430599.963154
-156661.615341  281751.098346  -438412.713686
-156666.206011  288492.802249  -445159.008260
-156664.596224  294034.476741  -450699.072965
-156664.999300  298301.494340  -454966.493641
-156667.859209  301247.828987  -457915.688195
-156674.368932  302826.496047  -459500.864979
-156682.709760  302973.097282  -459655.807042
-156692.596370  301608.695217  -458301.291588
-156698.089653  298669.222263  -455367.311916
-156694.221666  294169.005582  -450863.227249
-156675.293349  288293.332171  -444968.625520
-156638.931224  281479.631634  -438118.562857
-156595.096966  274408.712755  -431003.809721
-156560.621638  267850.255416  -424410.877053
-156546.759876  262422.874276  -418969.634152
-156549.001354  258433.207556  -414982.208910
-156558.790607  255895.974138  -412454.764745
-156572.370399  254669.254308  -411241.624707
-156581.316514  254570.988400  -411152.304914
-156581.820886  255406.995467  -411988.816352
-156609.041217  256935.891703  -413544.932921
-156631.181131  258845.500730  -415476.681861
-156647.854362  260788.499049  -417436.353412
-156655.469999  262461.492892  -419116.962890
-156652.583953  263680.074777  -420332.658730
-156642.793467  264415.568767  -421058.362234
-156624.860250  264783.199669  -421408.059919
-156606.111239  264991.039587  -421597.150826
-156588.063642  265269.057904  -421857.121545
-156580.718308  265799.394725  -422380.113032
-156584.668290  266665.266559  -423249.934848
-156594.705048  267828.951892  -424423.656940
-156609.462060  269143.265399  -425752.727459
-156626.952981  270395.050637  -427022.003618
-156638.547630  271368.450909  -428006.998539
-156643.738609  271906.846586  -428550.585195
-156643.496953  271947.096686  -428590.593639
-156642.323434  271505.740504  -428148.063938
-156645.448745  270620.036720  -427265.485465
-156654.895075  269277.648237  -425932.543313
-156669.713764  267385.110623  -424054.824386
-156682.066592  264807.104013  -421489.170605
-156683.947739  261464.760854  -418148.708593
-156670.935336  257442.040123  -414112.975459
-156645.718874  253037.198116  -409682.916989
-156615.816537  248722.631763  -405338.448300
-156590.885957  245028.540847  -401619.426805
-156578.422610  242398.994069  -398977.416679
-156585.333728  241062.570292  -397647.904019
-156609.564432  240957.218337  -397566.782769
-156638.589961  241768.460967  -398407.050927
-156654.792934  243115.483410  -399770.276344
-156644.074079  244808.486619  -401452.560698
-156621.204537  246969.742036  -403590.946573
-156616.953107  249836.367925  -406453.321032
-156641.313139  253382.467498  -410023.780636
-156671.979636  257187.678132  -413859.657768
-156684.980443  260709.824494  -417394.804938
-156675.372104  263632.475801  -420307.847905
-156651.766101  265968.223890  -422619.989991
-156629.741195  267935.370302  -424565.111497
-156617.616227  269779.133080  -426396.749307
-156618.223236  271646.023415  -428264.246651
-156627.472022  273536.747277  -430164.219299
-156637.394835  275327.835860  -431965.230695
-156647.027420  276839.800971  -433486.828390
-156650.304573  277921.852281  -434572.156855
-156644.848163  278520.174090  -435165.022253
-156631.375970  278705.417824  -435336.793795
-156616.134193  278650.282207  -435266.416399
-156604.013313  278565.063207  -435169.076519
-156599.707494  278615.031453  -435214.738948
-156604.412145  278855.414472  -435459.826617
-156615.958806  279213.995036  -435829.953842
-156628.344122  279522.417957  -436150.762079
-156642.380777  279570.844230  -436213.225007
-156654.280771  279158.102779  -435812.383549
-156662.096593  278129.702718  -434791.799311
-156660.790153  276420.261311  -433081.051465
-156644.183458  274123.813094  -430767.996552
-156606.639199  271588.264688  -428194.903887
-156558.339055  269449.914122  -426008.253177
-156528.911727  268452.293790  -424981.205517
-156545.084500  269025.073002  -425570.157502
-156599.123861  270942.129832  -427541.253693
-156656.430887  273429.534785  -430085.965672
-156692.870521  275614.663224  -432307.533745
-156705.493762  276890.597870  -433596.091633
-156700.738909  277008.418932  -433709.157842
-156686.689530  276006.131066  -432692.820596
-156666.681506  274111.407836  -430778.089342
-156644.021401  271665.622494  -428309.643895
-156622.494981  269062.035263  -425684.530244
-156605.696108  266684.103388  -423289.799495
-156595.776576  264845.890930  -421441.667506
-156591.385194  263757.958226  -420349.343420
-156589.279437  263538.055486  -420127.334923
-156589.389220  264242.136188  -420831.525408
-156595.237848  265862.690025  -422457.927874
-156611.033660  268283.790967  -424894.824627
-156634.899044  271245.090450  -427879.989494
-156661.156963  274366.273282  -431027.430245
-156681.747657  277235.066104  -433916.813761
-156688.885987  279527.122248  -436216.008236
-156679.707573  281113.247165  -437792.954739
-156657.188263  282104.516110  -438761.704373
-156631.931362  282797.363541  -439429.294903
-156615.485194  283526.908371  -440142.393565
-156614.190189  284503.665433  -441117.855622
-156624.644819  285731.386602  -442356.031421
-156640.217263  287040.513544  -443680.730807
-156654.989485  288185.357227  -444840.346711
-156666.961180  288930.497489  -445597.458670
-156676.346263  289089.779851  -445766.126114
-156684.611682  288524.744806  -445209.356488
-156691.432732  287133.920984  -443825.353716
-156693.372961  284864.345590  -441557.718550
-156687.225399  281749.298107  -438436.523506
-156673.309990  277945.385407  -434618.695397
-156654.939818  273736.215156  -430391.154974
-156636.975276  269486.299949  -426123.275224
-156623.961768  265561.129501  -422185.091269
-156613.485509  262266.411285  -418879.896794
-156600.849751  259855.410447  -416456.260197
-156584.628530  258581.532941  -415166.161472
-156572.539047  258701.801643  -415274.340690
-156576.162957  260370.643486  -416946.806443
-156599.464542  263492.581456  -420092.045998
-156634.268043  267677.174185  -424311.442228
-156667.828443  272350.668089  -429018.496531
-156689.737209  276934.273381  -433624.010589
-156701.023854  280975.858210  -437676.882064
-156701.608922  284204.027636  -440905.636557
-156691.511647  286529.217361  -443220.729009
-156674.504759  288018.474940  -444692.979699
-156654.233315  288855.470780  -445509.704095
-156634.813589  289286.144919  -445920.958507
-156620.588341  289553.312307  -446173.900648
-156614.080950  289834.939827  -446449.020777
-156615.173681  290207.385385  -446822.559066
-156621.585946  290646.057349  -447267.643295
-156629.620485  291058.526988  -447688.147473
-156636.622284  291331.592268  -447968.214552
-156641.831183  291368.239936  -448010.071119
-156646.991717  291095.895674  -447742.887392
-156651.993610  290453.086039  -447105.079650
-156652.723869  289394.515891  -446047.239760
-156643.974798  287942.117337  -444586.092135
-156626.882600  286245.809057  -442872.691656
-156606.644955  284583.471820  -441190.116775
-156594.257231  283263.661004  -439857.918235
-156597.490341  282474.172047  -439071.662389
-156613.643542  282186.619275  -438800.262818
-156633.671933  282193.645915  -438827.317848
-156650.284572  282230.488297  -438880.772869
-156662.451933  282067.872187  -438730.324120
-156672.826099  281532.366492  -438205.192591
-156679.927904  280498.866266  -437178.794170
-156678.991840  278911.586562  -435590.578402
-156664.109331  276847.673475  -433511.782806
-156633.469449  274589.444135  -431222.913584
-156595.616950  272630.022022  -429225.638972
-156567.064435  271544.704073  -428111.768508
-156560.104138  271763.524360  -428323.628498
-156575.913509  273392.138121  -429968.051630
-156605.795737  276194.642366  -432800.438103
-156639.117946  279708.692326  -436347.810271
-156669.196720  283392.303820  -440061.500539
-156691.562456  286740.328638  -443431.891094
-156705.429256  289355.215399  -446060.644655
-156711.679511  290973.669759  -447685.349271
-156711.631164  291463.351261  -448174.982425
-156704.977386  290811.668080  -447516.645466
-156691.035151  289122.182398  -445813.217548
-156669.552047  286618.731216  -443288.283263
-156642.504481  283642.106101  -440284.610582
-156615.009278  280616.704304  -437231.713582
-156592.874379  277973.111432  -434565.985811
-156584.384078  276040.481754  -432624.865833
-156589.843996  274954.495202  -431544.339197
-156606.280854  274632.894619  -431239.175473
-156625.502802  274835.501489  -431461.004291
-156640.578757  275272.023688  -431912.602444
-156650.310103  275694.342194  -432344.652297
-156656.959476  275929.111095  -432586.070571
-156665.066284  275851.796287  -432516.862571
-156671.732828  275351.965501  -432023.698329
-156672.766218  274349.165191  -431021.931409
-156663.674444  272854.236180  -429517.910624
-156646.375359  271015.635363  -427662.010722
-156625.529548  269106.582339  -425732.111887
-156606.945968  267450.585519  -424057.531487
-156595.079408  266325.563368  -422920.642776
-156590.980786  265901.327780  -422492.308566
-156594.025246  266222.271042  -422816.296288
-156603.022460  267211.636485  -423814.658946
-156615.150089  268692.759937  -425307.910025
-156626.211231  270438.164630  -427064.375862
-156632.707421  272235.678245  -428868.385666
-156633.181433  273940.358084  -430573.539517
-156629.489485  275492.210766  -432121.700250
-156623.231147  276903.957242  -433527.188389
-156616.796469  278232.829741  -434849.626209
-156611.935293  279547.082529  -436159.017822
-156609.860950  280895.907491  -437505.768441
-156610.400109  282293.059084  -438903.459193
-156612.403460  283718.368904  -440330.772364
-156614.951569  285130.391944  -441745.343513
-156617.199951  286480.434409  -443097.634360
-156619.541770  287721.021223  -444340.562993
-156621.963174  288806.668377  -445428.631551
-156624.821874  289690.266299  -446315.088174
-156627.889124  290321.368488  -446949.257612
-156630.602812  290650.615405  -447281.218216
-156632.633380  290638.793035  -447271.426414
-156633.096333  290265.247918  -446898.344251
-156631.866859  289532.268863  -446164.135722
-156629.578523  288465.825220  -445095.403743
-156626.167145  287115.221823  -443741.388968
-156617.715299  285554.396039  -442172.111339
-156614.327820  283883.715134  -440498.042954
-156603.784353  282225.919851  -438829.704205
-156600.497316  280709.355232  -437309.852548
-156596.720347  279443.452660  -436040.173007
-156592.182619  278497.635723  -435089.818342
-156598.119943  277892.201067  -434490.321010
-156601.759440  277604.329978  -434206.089417
-156605.782506  277584.531735  -434190.314241
-156609.145202  277775.530381  -434384.675583
-156612.320395  278122.807936  -434735.128331
-156616.117212  278570.413888  -435186.531100
-156619.901215  279053.739139  -435673.640354
-156622.376372  279507.514534  -436129.890906
-156623.254356  279883.205966  -436506.460322
-156623.069077  280155.468683  -436778.537760
-156623.152678  280313.556625  -436936.709303
-156623.964275  280349.091829  -436973.056105
-156625.152999  280250.428564  -436875.581563
-156625.664992  280007.082822  -436632.747814
-156624.041494  279624.067378  -436248.108872
-156619.637447  279140.256557  -435759.894004
-156613.155075  278635.985919  -435249.140994
-156607.399466  278216.737012  -434824.136478
-156604.346559  277978.237127  -434582.583686
-156604.300109  277975.929898  -434580.230007
-156605.826505  278218.682613  -434824.509118
-156607.798904  278684.748007  -435292.546911
-156610.071209  279338.200587  -435948.271796
-156613.792065  280129.942299  -436743.734365
-156619.216021  280989.310612  -437608.526633
-156625.871103  281820.729549  -438446.600652
-156632.497622  282513.523234  -439146.020856
-156636.919552  282966.055727  -439602.975279
-156637.011724  283117.089418  -439754.101142
-156634.173776  282964.812457  -439598.986233
-156630.909454  282554.629741  -439185.539195
-156628.927671  281945.806517  -438574.734188
-156627.944002  281189.289448  -437817.233450
-156626.901518  280327.020926  -436953.922445
-156624.697261  279403.385350  -436028.082611
-156617.366666  278482.191576  -435099.558243
-156616.184105  277650.676801  -434266.860906
-156615.869560  276987.377748  -433603.247308
-156618.438339  276519.271615  -433137.709954
-156620.316372  276226.952844  -432847.269216
-156620.550180  276087.208025  -432707.758205
-156621.198455  276089.693501  -432710.891956
-156623.685695  276218.395442  -432842.081137
-156627.821524  276433.005480  -433060.827004
-156633.078654  276668.538961  -433301.617615
-156637.757911  276849.692063  -433487.449974
-156640.371011  276912.596782  -433552.967793
-156641.449697  276820.202172  -433461.651869
-156642.002538  276559.431040  -433201.433578
-156640.228319  276136.230660  -432776.458979
-156632.369394  275589.394588  -432221.763982
-156626.648622  275006.720361  -431633.368983
-156618.342883  274514.045006  -431132.387889
-156612.353805  274238.998820  -430851.352625
-156609.741848  274273.919421  -430883.661269
-156610.793879  274653.814192  -431264.608071
-156614.860686  275351.948699  -431966.809385
-156620.259722  276292.370951  -432912.630673
-156625.436384  277373.088066  -433998.524450
-156630.111440  278486.943379  -435117.054820
-156633.810754  279533.780693  -436167.591448
-156636.177743  280428.367388  -437064.545130
-156636.874458  281109.175293  -437746.049750
-156635.926640  281545.282775  -438181.209415
-156634.224709  281734.578899  -438368.803608
-156632.637770  281692.702656  -438325.340426
-156631.332856  281441.186507  -438072.519362
-156629.965138  281003.367591  -437633.332729
-156627.978366  280407.930625  -437035.908991
-156624.531927  279697.113294  -436321.645221
-156619.530674  278935.164668  -435554.695341
-156614.400794  278205.884723  -434820.285517
-156610.878432  277592.498075  -434203.376507
-156610.592718  277149.807372  -433760.400090
-156613.372739  276885.830603  -433499.203342
-156618.375063  276761.298887  -433379.673950
-156623.290209  276706.907401  -433330.197610
-156626.608947  276651.797508  -433278.406455
-156627.584514  276548.344119  -433175.928633
-156626.501869  276382.436670  -433008.938539
-156623.882132  276171.839239  -432795.721371
-156620.867333  275956.607182  -432577.474514
-156618.450206  275782.998714  -432401.448920
-156616.775994  275689.204796  -432305.980790
-156615.275916  275702.630846  -432317.906763
-156613.788040  275845.467427  -432459.255466
-156613.367416  276134.332970  -432747.700386
-156615.265493  276567.228983  -433182.494476
-156619.470352  277108.661893  -433728.132245
-156624.678382  277689.530000  -434314.208382
-156628.920573  278225.701597  -434854.622170
-156631.244722  278643.946780  -435275.191501
-156631.901476  278899.303803  -435531.205279
-156631.649125  278975.785592  -435607.434716
-156631.425102  278875.115963  -435506.541064
-156631.027397  278606.122658  -435237.150055
-156629.232090  278187.050355  -434816.282445
-156625.502252  277658.397269  -434283.899521
-156620.736534  277088.480029  -433709.216564
-156616.842706  276559.259876  -433176.102582
-156615.140831  276139.139286  -432754.280118
-156615.460527  275863.308377  -432478.768904
-156616.065486  275738.009984  -432354.075470
-156616.126690  275760.687429  -432376.814120
-156616.620971  275929.486399  -432546.107370
-156619.231972  276230.592287  -432849.824259
-156624.250113  276619.108948  -433243.359060
-156630.225210  277015.743795  -433645.969005
-156634.969709  277327.429595  -433962.399304
-156636.733182  277480.910462  -434117.643644
-156635.745702  277446.268417  -434082.014118
-156632.998803  277236.265551  -433869.264354
-156628.715975  276894.763045  -433523.479019
-156623.729412  276489.320104  -433113.049516
-156619.566738  276098.553275  -432718.120013
-156617.391371  275790.736977  -432408.128348
-156617.591499  275605.881565  -432223.473064
-156619.549358  275549.710130  -432169.259488
-156621.527130  275602.785096  -432224.312226
-156622.125147  275741.567203  -432363.692350
-156621.103263  275957.781976  -432578.885239
-156620.251894  276259.389712  -432879.641606
-156621.875476  276648.258344  -433270.133820
-156626.869029  277090.696422  -433717.565450
-156633.648770  277507.991526  -434141.640296
-156639.595398  277798.862879  -434438.458277
-156642.599715  277878.254073  -434520.853788
-156641.567044  277709.435662  -434351.002705
-156636.447814  277320.735299  -433957.183113
-156628.717129  276803.851005  -433432.568134
-156621.189994  276287.843405  -432909.033399
-156616.117546  275897.218802  -432513.336348
-156614.736148  275715.704024  -432330.440172
-156617.013893  275767.226739  -432384.240632
-156621.903485  276015.144469  -432637.047954
-156627.028626  276381.165834  -433008.194460
-156630.324586  276779.078812  -433409.403398
-156630.948878  277146.047913  -433776.996792
-156629.049817  277458.085267  -434087.135084
-156625.835144  277728.376487  -434354.211632
-156623.155526  277989.751388  -434612.906914
-156622.496407  278267.992742  -434890.489149
-156623.611911  278563.211438  -435186.823348
-156622.413580  278852.122684  -435474.536264
-156626.236406  279105.461696  -435731.698102
-156626.211767  279303.886498  -435930.098265
-156625.322349  279444.431344  -436069.753693
-156620.330131  279538.819958  -436159.150089
-156623.047664  279606.051562  -436229.099227
-156622.078919  279665.574385  -436287.653305
-156621.002384  279736.628472  -436357.630856
-156619.884684  279839.964732  -436459.849415
-156619.501838  279994.134307  -436613.636145
-156620.377964  280205.604629  -436825.982593
-156622.283462  280461.528393  -437083.811855
-156624.723501  280731.980470  -437356.703971
-156626.918202  280978.820855  -437605.739057
-156628.061292  281167.476977  -437795.538269
-156627.359823  281280.396258  -437907.756081
-156624.707842  281328.459562  -437953.167404
-156621.086799  281352.060293  -437973.147093
-156618.638300  281403.997027  -438022.635327
-156619.035916  281518.917603  -438137.953519
-156622.098962  281689.945169  -438312.044131
-156625.779896  281871.662690  -438497.442586
-156628.031372  282007.436851  -438635.468223
-156628.548817  282057.892382  -438686.441200
-156628.167875  282009.432272  -438637.600146
-156627.844382  281864.806319  -438492.650701
-156627.380729  281633.178544  -438260.559273
-156625.682005  281332.595831  -437958.277836
-156622.780454  280999.975729  -437622.756183
-156620.629177  280686.973936  -437307.603114
-156621.111106  280432.147734  -437053.258840
-156623.267248  280237.874009  -436861.141256
-156625.159379  280079.753208  -436704.912588
-156625.905361  279932.428517  -436558.333877
-156625.433002  279785.595351  -436411.028353
-156624.068312  279646.773226  -436270.841538
-156622.146584  279537.726288  -436159.872872
-156620.367444  279487.907160  -436108.274603
-156619.661728  279523.414525  -436143.076253
-156620.467558  279653.908206  -436274.375764
-156622.204520  279866.381536  -436488.586055
-156624.082201  280130.687195  -436754.769396
-156625.196797  280412.932779  -437038.129577
-156625.129345  280688.974849  -437314.104195
-156624.619383  280949.309537  -437573.928921
-156624.614250  281191.367391  -437815.981640
-156625.393630  281407.361846  -438032.755476
-156626.332483  281580.900337  -438207.232820
-156626.544464  281695.520826  -438322.065290
-156625.946982  281745.354067  -438371.301048
-156624.967454  281737.312194  -438362.279648
-156624.074403  281685.606215  -438309.680619
-156623.492088  281605.156891  -438228.648979
-156623.464597  281506.337856  -438129.802452
-156623.440225  281393.589654  -438017.029879
-156623.014230  281270.546421  -437893.560651
-156622.338879  281145.584721  -437767.923600
-156622.005710  281029.733401  -437651.739111
-156622.334114  280929.367842  -437551.701956
-156623.269492  280841.372738  -437464.642230
-156624.370728  280754.264089  -437378.634817
-156625.067301  280654.780414  -437279.847715
-156625.042767  280536.093496  -437161.136263
-156624.740299  280400.669092  -437025.409391
-156624.679084  280255.407300  -436880.086384
-156624.776371  280105.817863  -436730.594234
-156624.919672  279955.318593  -436580.238265
-156624.812350  279808.021057  -436432.833407
-156624.435039  279671.064394  -436295.499433
-156623.584473  279555.852496  -436179.436969
-156622.592908  279478.088625  -436100.681533
-156621.642680  279454.715545  -436076.358226
-156620.923190  279499.944495  -436120.867685
-156620.874254  279621.935104  -436242.809358
-156621.882270  279817.182867  -436439.065137
-156623.642680  280065.896443  -436689.539123
-156625.083641  280337.838021  -436962.921663
-156625.940242  280605.068213  -437231.008455
-156626.559113  280847.121145  -437473.680258
-156626.996579  281048.798063  -437675.794642
-156627.307991  281198.855283  -437826.163274
-156627.523163  281289.202628  -437916.725791
-156627.333122  281315.120510  -437942.453632
-156626.241993  281279.910466  -437906.152459
-156624.374006  281200.374650  -437824.748656
-156622.502928  281104.681713  -437727.184642
-156621.449691  281021.013948  -437642.463639
-156621.532265  280965.487789  -437587.020054
-156622.357028  280938.341490  -437560.698518
-156623.121069  280929.517105  -437552.638174
-156623.427505  280928.082294  -437551.509799
-156623.563859  280927.560795  -437551.124654
-156623.872259  280923.424192  -437547.296451
-156624.131680  280909.376332  -437533.508012
-156624.136920  280879.393262  -437503.530182
-156623.942408  280831.349934  -437455.292342
-156623.466904  280768.285430  -437391.752334
-156622.661315  280698.712461  -437321.373777
-156621.728940  280635.940976  -437257.669915
-156621.042039  280594.870829  -437215.912867
-156621.140973  280585.454213  -437206.595186
-156622.125846  280605.815399  -437227.941245
-156623.609273  280641.094669  -437264.703941
-156624.608703  280670.559830  -437295.168532
-156624.702295  280679.145431  -437303.847725
-156623.975083  280665.122700  -437289.097783
-156622.970234  280638.619053  -437261.589287
-156622.222934  280614.353586  -437236.576520
-156622.057583  280603.857497  -437225.915080
-156622.317342  280610.655250  -437232.972592
-156622.365524  280632.393061  -437254.758585
-156622.130417  280667.489336  -437289.619753
-156621.844887  280717.966191  -437339.811078
-156622.026378  280785.457998  -437407.484376
-156622.942702  280864.427816  -437487.370518
-156624.088878  280939.696254  -437563.785132
-156624.826280  280992.589481  -437617.415761
-156624.786779  281010.641583  -437635.428362
-156623.938846  280993.577905  -437617.516751
-156622.551875  280954.273570  -437576.825446
-156618.690391  280913.312229  -437532.002620
-156621.041898  280888.003689  -437509.045587
-156621.486005  280884.950724  -437506.436729
-156622.373264  280899.253148  -437521.626412
-156623.082103  280918.887248  -437541.969351
-156622.983082  280934.243531  -437557.226613
-156622.540915  280944.366037  -437566.906952
-156622.398158  280953.394630  -437575.792788
-156622.852810  280962.046726  -437584.899536
-156623.780390  280962.850131  -437586.630521
-156624.678055  280942.505034  -437567.183090
-156624.992205  280888.869226  -437513.861432
-156624.583662  280797.791910  -437422.375572
-156623.407517  280677.227403  -437300.634919
-156621.985739  280546.487527  -437168.473266
-156620.914791  280428.928882  -437049.843673
-156620.406083  280343.303145  -436963.709228
-156620.505059  280299.465415  -436919.970474
-156621.353176  280296.231293  -436917.584469
-156622.699456  280320.502091  -436943.201547
-156623.585800  280353.179214  -436976.765013
-156623.752303  280380.209272  -437003.961575
-156623.751750  280396.474452  -437020.226202
-156623.864186  280400.075303  -437023.939489
-156623.815290  280388.825857  -437012.641147
-156623.429696  280363.019337  -436986.449033
-156622.656113  280328.080543  -436950.736655
-156621.573389  280294.955733  -436916.529122
-156620.643297  280278.065025  -436898.708323
-156620.386600  280288.952825  -436909.339425
-156620.898546  280328.828150  -436949.726697
-156621.482105  280388.555543  -437010.037647
-156621.588026  280457.443684  -437079.031710
-156621.427888  280530.391489  -437151.819377
-156621.751712  280604.698509  -437226.450221
-156622.739273  280671.823813  -437294.563086
-156623.725021  280716.141771  -437339.866791
-156623.862144  280723.815321  -437347.677464
-156623.064324  280692.902465  -437315.966788
-156619.288533  280634.036343  -437253.324876
-156621.522259  280563.936410  -437185.458669
-156620.847339  280498.338410  -437119.185748
-156620.522624  280448.404902  -437068.927526
-156620.692089  280419.465895  -437040.157984
-156621.158196  280409.990059  -437031.148255
-156621.603886  280414.250299  -437035.854184
-156621.943256  280425.220308  -437047.163564
-156621.791895  280437.821739  -437059.613635
-156621.296566  280453.144009  -437074.440575
-156620.979022  280476.757612  -437097.736634
-156621.159232  280512.447356  -437133.606589
-156621.850253  280557.253941  -437179.104194
-156622.990370  280600.390902  -437223.381272
-156624.021845  280625.925423  -437249.947268
-156624.256497  280620.253632  -437244.510128
-156623.408661  280581.625304  -437205.033965
-156622.072578  280522.833014  -437144.905592
-156621.069939  280463.800890  -437084.870829
-156620.859136  280420.060001  -437040.919137
-156621.208429  280396.070065  -437017.278494
-156621.556843  280387.946865  -437009.503708
-156621.587234  280390.605098  -437012.192332
-156621.457709  280401.824431  -437023.282139
-156621.433143  280421.119613  -437042.552756
-156621.625303  280446.596944  -437068.222247
-156621.835422  280474.235241  -437096.070663
-156621.824687  280500.131837  -437121.956524
-156621.661516  280522.608835  -437144.270351
-156621.520747  280542.141957  -437163.662703
-156621.633436  280558.946708  -437180.580144
-156621.994077  280570.120089  -437192.114166
-156622.268856  280570.117484  -437192.386340
-156622.138677  280555.500117  -437177.638794
-156621.809068  280528.565353  -437150.374421
-156621.602330  280495.101248  -437116.703578
-156621.566611  280459.862153  -437081.428764
-156621.673920  280425.429430  -437047.103349
-156621.590707  280394.088646  -437015.679353
-156621.511719  280369.271371  -436990.783091
-156621.637648  280354.485404  -436976.123051
-156621.975991  280350.608457  -436972.584449
-156622.352339  280354.989707  -436977.342046
-156622.697398  280363.539806  -436986.237204
-156622.791367  280373.388893  -436996.180260
-156622.923085  280383.008163  -437005.931248
-156623.172982  280390.058715  -437013.231697
-156623.284325  280391.428352  -437014.712677
-156623.155127  280385.882404  -437009.037531
-156622.934232  280374.994388  -436997.928621
-156622.736559  280361.833884  -436984.570443
-156622.667954  280349.554716  -436972.222670
-156622.921668  280339.709108  -436962.630776
-156623.571353  280329.530342  -436953.101695
-156624.358319  280310.451810  -436934.810129
-156624.560957  280272.713500  -436897.274457
-156623.957134  280214.372584  -436838.329718
-156623.036963  280144.335597  -436767.372560
-156622.249720  280076.695026  -436698.944746
-156621.541136  280025.017600  -436646.558736
-156621.059504  280000.672183  -436621.731687
-156621.014746  280011.091638  -436632.106384
-156621.257704  280057.391540  -436678.649243
-156621.844736  280134.295372  -436756.140108
-156622.636953  280231.572476  -436854.209429
-156623.628768  280334.969499  -436958.598267
-156624.467614  280427.877621  -437052.345235
-156624.701136  280496.585702  -437121.286838
-156624.333380  280536.072125  -437160.405505
-156623.731240  280550.363978  -437174.095218
-156623.062693  280548.286917  -437171.349610
-156622.514482  280539.338451  -437161.852933
-156622.251849  280531.063480  -437153.315329
-156622.004844  280528.353145  -437150.357989
-156621.864789  280534.098742  -437155.963531
-156621.858777  280549.533701  -437171.392478
-156622.029507  280574.001842  -437196.031349
-156622.318722  280604.702724  -437227.021446
-156622.642298  280637.291600  -437259.933898
-156622.947863  280667.120551  -437290.068414
-156623.113394  280690.099632  -437313.213026
-156623.124361  280703.880688  -437327.005049
-156623.102902  280708.712208  -437331.815109
-156623.216311  280705.608341  -437328.824651
-156623.310918  280694.360843  -437317.671761
-156623.149005  280675.442750  -437298.591755
-156622.821076  280652.745731  -437275.566807
-156622.706095  280631.502333  -437254.208428
-156622.869267  280613.692600  -437236.561868
-156622.859881  280598.173389  -437221.033270
-156622.688584  280584.663196  -437207.351780
-156622.485864  280574.950100  -437197.435964
-156622.315204  280571.454800  -437193.770003
-156622.221380  280576.391494  -437198.612874
-156622.160196  280591.534360  -437213.694556
-156622.253957  280617.633964  -437239.887920
-156622.716699  280652.354672  -437275.071371
-156623.345704  280688.263006  -437311.608711
-156623.994584  280714.220580  -437338.215164
-156624.482438  280718.951496  -437343.433935
-156624.563672  280693.989011  -437318.552682
-156623.974321  280637.663335  -437261.637656
-156622.873616  280558.297144  -437181.170760
-156621.659861  280471.999403  -437093.659264
-156620.915629  280396.303922  -437017.219551
-156620.828175  280342.708511  -436963.536686
-156621.116744  280313.410741  -436934.527485
-156621.441680  280304.707749  -436926.149428
-156621.604168  280311.731174  -436933.335342
-156621.800820  280330.833598  -436952.634418
-156622.098116  280358.638825  -436980.736941
-156622.536992  280390.147496  -437012.684488
-156619.173216  280419.964217  -437039.137434
-156622.535048  280446.005138  -437068.540186
-156621.965969  280472.116201  -437094.082170
-156621.696716  280505.836492  -437127.533208
-156621.992715  280551.332439  -437173.325154
-156622.625554  280604.904286  -437227.529840
-156623.062158  280658.178877  -437281.241035
-156623.061281  280704.779069  -437327.840350
-156622.584066  280744.700751  -437367.284816
-156621.980994  280784.307858  -437406.288852
-156621.927214  280830.820352  -437452.747565
-156622.547390  280884.587402  -437507.134793
-156623.550248  280936.674245  -437560.224492
-156624.433545  280973.057990  -437597.491535
-156624.800122  280981.231854  -437606.031976
-156624.551087  280956.418974  -437580.970061
-156623.985548  280903.008116  -437526.993664
-156623.693805  280829.511558  -437453.2053